19810314
weiqiang
12261226
chiyugege666
19810318111
112
113
114
115
116
117
118
119
110
121
122
123
124
125
126
127
128
129
120
131
132
133
134
135
136
137
138
139
130
141
142
143
144
145
146
147
148
149
140
151
152
153
154
155
156
157
158
159
150
161
162
163
164
165
166
167
168
169
160
171
172
173
174
175
176
177
178
179
170
181
182
183
184
185
186
187
188
189
180
191
192
193
194
195
196
197
198
199
190
101
102
103
104
105
106
107
108
109
100
211
212
213
214
215
216
217
218
219
210
221
222
223
224
225
226
227
228
229
220
231
232
233
234
235
236
237
238
239
230
241
242
243
244
245
246
247
248
249
240
251
252
253
254
255
256
257
258
259
250
261
262
263
264
265
266
267
268
269
260
271
272
273
274
275
276
277
278
279
270
281
282
283
284
285
286
287
288
289
280
291
292
293
294
295
296
297
298
299
290
201
202
203
204
205
206
207
208
209
200
311
312
313
314
315
316
317
318
319
310
321
322
323
324
325
326
327
328
329
320
331
332
333
334
335
336
337
338
339
330
341
342
343
344
345
346
347
348
349
340
351
352
353
354
355
356
357
358
359
350
361
362
363
364
365
366
367
368
369
360
371
372
373
374
375
376
377
378
379
370
381
382
383
384
385
386
387
388
389
380
391
392
393
394
395
396
397
398
399
390
301
302
303
304
305
306
307
308
309
300
411
412
413
414
415
416
417
418
419
410
421
422
423
424
425
426
427
428
429
420
431
432
433
434
435
436
437
438
439
430
441
442
443
444
445
446
447
448
449
440
451
452
453
454
455
456
457
458
459
450
461
462
463
464
465
466
467
468
469
460
471
472
473
474
475
476
477
478
479
470
481
482
483
484
485
486
487
488
489
480
491
492
493
494
495
496
497
498
499
490
401
402
403
404
405
406
407
408
409
400
511
512
513
514
515
516
517
518
519
510
521
522
523
524
525
526
527
528
529
520
531
532
533
534
535
536
537
538
539
530
541
542
543
544
545
546
547
548
549
540
551
552
553
554
555
556
557
558
559
550
561
562
563
564
565
566
567
568
569
560
571
572
573
574
575
576
577
578
579
570
581
582
583
584
585
586
587
588
589
580
591
592
593
594
595
596
597
598
599
590
501
502
503
504
505
506
507
508
509
500
611
612
613
614
615
616
617
618
619
610
621
622
623
624
625
626
627
628
629
620
631
632
633
634
635
636
637
638
639
630
641
642
643
644
645
646
647
648
649
640
651
652
653
654
655
656
657
658
659
650
661
662
663
664
665
666
667
668
669
660
671
672
673
674
675
676
677
678
679
670
681
682
683
684
685
686
687
688
689
680
691
692
693
694
695
696
697
698
699
690
601
602
603
604
605
606
607
608
609
600
711
712
713
714
715
716
717
718
719
710
721
722
723
724
725
726
727
728
729
720
731
732
733
734
735
736
737
738
739
730
741
742
743
744
745
746
747
748
749
740
751
752
753
754
755
756
757
758
759
750
761
762
763
764
765
766
767
768
769
760
771
772
773
774
775
776
777
778
779
770
781
782
783
784
785
786
787
788
789
780
791
792
793
794
795
796
797
798
799
790
701
702
703
704
705
706
707
708
709
700
811
812
813
814
815
816
817
818
819
810
821
822
823
824
825
826
827
828
829
820
831
832
833
834
835
836
837
838
839
830
841
842
843
844
845
846
847
848
849
840
851
852
853
854
855
856
857
858
859
850
861
862
863
864
865
866
867
868
869
860
871
872
873
874
875
876
877
878
879
870
881
882
883
884
885
886
887
888
889
880
891
892
893
894
895
896
897
898
899
890
801
802
803
804
805
806
807
808
809
800
911
912
913
914
915
916
917
918
919
910
921
922
923
924
925
926
927
928
929
920
931
932
933
934
935
936
937
938
939
930
941
942
943
944
945
946
947
948
949
940
951
952
953
954
955
956
957
958
959
950
961
962
963
964
965
966
967
968
969
960
971
972
973
974
975
976
977
978
979
970
981
982
983
984
985
986
987
988
989
980
991
992
993
994
995
996
997
998
99
9909
901
902
903
904
905
906
907
908
909
900
011
012
013
014
015
016
017
018
019
010
021
022
023
024
025
026
027
028
029
020
031
032
033
034
035
036
037
038
039
030
041
042
043
044
045
046
047
048
049
040
051
052
053
054
055
056
057
058
059
050
061
062
063
064
065
066
067
068
069
060
071
072
073
074
075
076
077
078
079
070
081
082
083
084
085
086
087
088
089
080
091
092
093
094
095
096
097
098
099
090
001
002
003
004
005
006
007
008
009
000
1 1 1
1 1 2
1 1 3
1 1 4
1 1 5
1 1 6
1 1 7
1 1 8
1 1 9
1 1 0
1 2 1
1 2 2
1 2 3
1 2 4
1 2 5
1 2 6
1 2 7
1 2 8
1 2 9
1 2 0
1 3 1
1 3 2
1 3 3
1 3 4
1 3 5
1 3 6
1 3 7
1 3 8
1 3 9
1 3 0
1 4 1
1 4 2
1 4 3
1 4 4
1 4 5
1 4 6
1 4 7
1 4 8
1 4 9
1 4 0
1 5 1
1 5 2
1 5 3
1 5 4
1 5 5
1 5 6
1 5 7
1 5 8
1 5 9
1 5 0
1 6 1
1 6 2
1 6 3
1 6 4
1 6 5
1 6 6
1 6 7
1 6 8
1 6 9
1 6 0
1 7 1
1 7 2
1 7 3
1 7 4
1 7 5
1 7 6
1 7 7
1 7 8
1 7 9
1 7 0
1 8 1
1 8 2
1 8 3
1 8 4
1 8 5
1 8 6
1 8 7
1 8 8
1 8 9
1 8 0
1 9 1
1 9 2
1 9 3
1 9 4
1 9 5
1 9 6
1 9 7
1 9 8
1 9 9
1 9 0
1 0 1
1 0 2
1 0 3
1 0 4
1 0 5
1 0 6
1 0 7
1 0 8
1 0 9
1 0 0
2 1 1
2 1 2
2 1 3
2 1 4
2 1 5
2 1 6
2 1 7
2 1 8
2 1 9
2 1 0
2 2 1
2 2 2
2 2 3
2 2 4
2 2 5
2 2 6
2 2 7
2 2 8
2 2 9
2 2 0
2 3 1
2 3 2
2 3 3
2 3 4
2 3 5
2 3 6
2 3 7
2 3 8
2 3 9
2 3 0
2 4 1
2 4 2
2 4 3
2 4 4
2 4 5
2 4 6
2 4 7
2 4 8
2 4 9
2 4 0
2 5 1
2 5 2
2 5 3
2 5 4
2 5 5
2 5 6
2 5 7
2 5 8
2 5 9
2 5 0
2 6 1
2 6 2
2 6 3
2 6 4
2 6 5
2 6 6
2 6 7
2 6 8
2 6 9
2 6 0
2 7 1
2 7 2
2 7 3
2 7 4
2 7 5
2 7 6
2 7 7
2 7 8
2 7 9
2 7 0
2 8 1
2 8 2
2 8 3
2 8 4
2 8 5
2 8 6
2 8 7
2 8 8
2 8 9
2 8 0
2 9 1
2 9 2
2 9 3
2 9 4
2 9 5
2 9 6
2 9 7
2 9 8
2 9 9
2 9 0
2 0 1
2 0 2
2 0 3
2 0 4
2 0 5
2 0 6
2 0 7
2 0 8
2 0 9
2 0 0
3 1 1
3 1 2
3 1 3
3 1 4
3 1 5
3 1 6
3 1 7
3 1 8
3 1 9
3 1 0
3 2 1
3 2 2
3 2 3
3 2 4
3 2 5
3 2 6
3 2 7
3 2 8
3 2 9
3 2 0
3 3 1
3 3 2
3 3 3
3 3 4
3 3 5
3 3 6
3 3 7
3 3 8
3 3 9
3 3 0
3 4 1
3 4 2
3 4 3
3 4 4
3 4 5
3 4 6
3 4 7
3 4 8
3 4 9
3 4 0
3 5 1
3 5 2
3 5 3
3 5 4
3 5 5
3 5 6
3 5 7
3 5 8
3 5 9
3 5 0
3 6 1
3 6 2
3 6 3
3 6 4
3 6 5
3 6 6
3 6 7
3 6 8
3 6 9
3 6 0
3 7 1
3 7 2
3 7 3
3 7 4
3 7 5
3 7 6
3 7 7
3 7 8
3 7 9
3 7 0
3 8 1
3 8 2
3 8 3
3 8 4
3 8 5
3 8 6
3 8 7
3 8 8
3 8 9
3 8 0
3 9 1
3 9 2
3 9 3
3 9 4
3 9 5
3 9 6
3 9 7
3 9 8
3 9 9
3 9 0
3 0 1
3 0 2
3 0 3
3 0 4
3 0 5
3 0 6
3 0 7
3 0 8
3 0 9
3 0 0
4 1 1
4 1 2
4 1 3
4 1 4
4 1 5
4 1 6
4 1 7
4 1 8
4 1 9
4 1 0
4 2 1
4 2 2
4 2 3
4 2 4
4 2 5
4 2 6
4 2 7
4 2 8
4 2 9
4 2 0
4 3 1
4 3 2
4 3 3
4 3 4
4 3 5
4 3 6
4 3 7
4 3 8
4 3 9
4 3 0
4 4 1
4 4 2
4 4 3
4 4 4
4 4 5
4 4 6
4 4 7
4 4 8
4 4 9
4 4 0
4 5 1
4 5 2
4 5 3
4 5 4
4 5 5
4 5 6
4 5 7
4 5 8
4 5 9
4 5 0
4 6 1
4 6 2
4 6 3
4 6 4
4 6 5
4 6 6
4 6 7
4 6 8
4 6 9
4 6 0
4 7 1
4 7 2
4 7 3
4 7 4
4 7 5
4 7 6
4 7 7
4 7 8
4 7 9
4 7 0
4 8 1
4 8 2
4 8 3
4 8 4
4 8 5
4 8 6
4 8 7
4 8 8
4 8 9
4 8 0
4 9 1
4 9 2
4 9 3
4 9 4
4 9 5
4 9 6
4 9 7
4 9 8
4 9 9
4 9 0
4 0 1
4 0 2
4 0 3
4 0 4
4 0 5
4 0 6
4 0 7
4 0 8
4 0 9
4 0 0
5 1 1
5 1 2
5 1 3
5 1 4
5 1 5
5 1 6
5 1 7
5 1 8
5 1 9
5 1 0
5 2 1
5 2 2
5 2 3
5 2 4
5 2 5
5 2 6
5 2 7
5 2 8
5 2 9
5 2 0
5 3 1
5 3 2
5 3 3
5 3 4
5 3 5
5 3 6
5 3 7
5 3 8
5 3 9
5 3 0
5 4 1
5 4 2
5 4 3
5 4 4
5 4 5
5 4 6
5 4 7
5 4 8
5 4 9
5 4 0
5 5 1
5 5 2
5 5 3
5 5 4
5 5 5
5 5 6
5 5 7
5 5 8
5 5 9
5 5 0
5 6 1
5 6 2
5 6 3
5 6 4
5 6 5
5 6 6
5 6 7
5 6 8
5 6 9
5 6 0
5 7 1
5 7 2
5 7 3
5 7 4
5 7 5
5 7 6
5 7 7
5 7 8
5 7 9
5 7 0
5 8 1
5 8 2
5 8 3
5 8 4
5 8 5
5 8 6
5 8 7
5 8 8
5 8 9
5 8 0
5 9 1
5 9 2
5 9 3
5 9 4
5 9 5
5 9 6
5 9 7
5 9 8
5 9 9
5 9 0
5 0 1
5 0 2
5 0 3
5 0 4
5 0 5
5 0 6
5 0 7
5 0 8
5 0 9
5 0 0
6 1 1
6 1 2
6 1 3
6 1 4
6 1 5
6 1 6
6 1 7
6 1 8
6 1 9
6 1 0
6 2 1
6 2 2
6 2 3
6 2 4
6 2 5
6 2 6
6 2 7
6 2 8
6 2 9
6 2 0
6 3 1
6 3 2
6 3 3
6 3 4
6 3 5
6 3 6
6 3 7
6 3 8
6 3 9
6 3 0
6 4 1
6 4 2
6 4 3
6 4 4
6 4 5
6 4 6
6 4 7
6 4 8
6 4 9
6 4 0
6 5 1
6 5 2
6 5 3
6 5 4
6 5 5
6 5 6
6 5 7
6 5 8
6 5 9
6 5 0
6 6 1
6 6 2
6 6 3
6 6 4
6 6 5
6 6 6
6 6 7
6 6 8
6 6 9
6 6 0
6 7 1
6 7 2
6 7 3
6 7 4
6 7 5
6 7 6
6 7 7
6 7 8
6 7 9
6 7 0
6 8 1
6 8 2
6 8 3
6 8 4
6 8 5
6 8 6
6 8 7
6 8 8
6 8 9
6 8 0
6 9 1
6 9 2
6 9 3
6 9 4
6 9 5
6 9 6
6 9 7
6 9 8
6 9 9
6 9 0
6 0 1
6 0 2
6 0 3
6 0 4
6 0 5
6 0 6
6 0 7
6 0 8
6 0 9
6 0 0
7 1 1
7 1 2
7 1 3
7 1 4
7 1 5
7 1 6
7 1 7
7 1 8
7 1 9
7 1 0
7 2 1
7 2 2
7 2 3
7 2 4
7 2 5
7 2 6
7 2 7
7 2 8
7 2 9
7 2 0
7 3 1
7 3 2
7 3 3
7 3 4
7 3 5
7 3 6
7 3 7
7 3 8
7 3 9
7 3 0
7 4 1
7 4 2
7 4 3
7 4 4
7 4 5
7 4 6
7 4 7
7 4 8
7 4 9
7 4 0
7 5 1
7 5 2
7 5 3
7 5 4
7 5 5
7 5 6
7 5 7
7 5 8
7 5 9
7 5 0
7 6 1
7 6 2
7 6 3
7 6 4
7 6 5
7 6 6
7 6 7
7 6 8
7 6 9
7 6 0
7 7 1
7 7 2
7 7 3
7 7 4
7 7 5
7 7 6
7 7 7
7 7 8
7 7 9
7 7 0
7 8 1
7 8 2
7 8 3
7 8 4
7 8 5
7 8 6
7 8 7
7 8 8
7 8 9
7 8 0
7 9 1
7 9 2
7 9 3
7 9 4
7 9 5
7 9 6
7 9 7
7 9 8
7 9 9
7 9 0
7 0 1
7 0 2
7 0 3
7 0 4
7 0 5
7 0 6
7 0 7
7 0 8
7 0 9
7 0 0
8 1 1
8 1 2
8 1 3
8 1 4
8 1 5
8 1 6
8 1 7
8 1 8
8 1 9
8 1 0
8 2 1
8 2 2
8 2 3
8 2 4
8 2 5
8 2 6
8 2 7
8 2 8
8 2 9
8 2 0
8 3 1
8 3 2
8 3 3
8 3 4
8 3 5
8 3 6
8 3 7
8 3 8
8 3 9
8 3 0
8 4 1
8 4 2
8 4 3
8 4 4
8 4 5
8 4 6
8 4 7
8 4 8
8 4 9
8 4 0
8 5 1
8 5 2
8 5 3
8 5 4
8 5 5
8 5 6
8 5 7
8 5 8
8 5 9
8 5 0
8 6 1
8 6 2
8 6 3
8 6 4
8 6 5
8 6 6
8 6 7
8 6 8
8 6 9
8 6 0
8 7 1
8 7 2
8 7 3
8 7 4
8 7 5
8 7 6
8 7 7
8 7 8
8 7 9
8 7 0
8 8 1
8 8 2
8 8 3
8 8 4
8 8 5
8 8 6
8 8 7
8 8 8
8 8 9
8 8 0
8 9 1
8 9 2
8 9 3
8 9 4
8 9 5
8 9 6
8 9 7
8 9 8
8 9 9
8 9 0
8 0 1
8 0 2
8 0 3
8 0 4
8 0 5
8 0 6
8 0 7
8 0 8
8 0 9
8 0 0
9 1 1
9 1 2
9 1 3
9 1 4
9 1 5
9 1 6
9 1 7
9 1 8
9 1 9
9 1 0
9 2 1
9 2 2
9 2 3
9 2 4
9 2 5
9 2 6
9 2 7
9 2 8
9 2 9
9 2 0
9 3 1
9 3 2
9 3 3
9 3 4
9 3 5
9 3 6
9 3 7
9 3 8
9 3 9
9 3 0
9 4 1
9 4 2
9 4 3
9 4 4
9 4 5
9 4 6
9 4 7
9 4 8
9 4 9
9 4 0
9 5 1
9 5 2
9 5 3
9 5 4
9 5 5
9 5 6
9 5 7
9 5 8
9 5 9
9 5 0
9 6 1
9 6 2
9 6 3
9 6 4
9 6 5
9 6 6
9 6 7
9 6 8
9 6 9
9 6 0
9 7 1
9 7 2
9 7 3
9 7 4
9 7 5
9 7 6
9 7 7
9 7 8
9 7 9
9 7 0
9 8 1
9 8 2
9 8 3
9 8 4
9 8 5
9 8 6
9 8 7
9 8 8
9 8 9
9 8 0
9 9 1
9 9 2
9 9 3
9 9 4
9 9 5
9 9 6
9 9 7
9 9 8
9 9 9
9 9 0
9 0 1
9 0 2
9 0 3
9 0 4
9 0 5
9 0 6
9 0 7
9 0 8
9 0 9
9 0 0
0 1 1
0 1 2
0 1 3
0 1 4
0 1 5
0 1 6
0 1 7
0 1 8
0 1 9
0 1 0
0 2 1
0 2 2
0 2 3
0 2 4
0 2 5
0 2 6
0 2 7
0 2 8
0 2 9
0 2 0
0 3 1
0 3 2
0 3 3
0 3 4
0 3 5
0 3 6
0 3 7
0 3 8
0 3 9
0 3 0
0 4 1
0 4 2
0 4 3
0 4 4
0 4 5
0 4 6
0 4 7
0 4 8
0 4 9
0 4 0
0 5 1
0 5 2
0 5 3
0 5 4
0 5 5
0 5 6
0 5 7
0 5 8
0 5 9
0 5 0
0 6 1
0 6 2
0 6 3
0 6 4
0 6 5
0 6 6
0 6 7
0 6 8
0 6 9
0 6 0
0 7 1
0 7 2
0 7 3
0 7 4
0 7 5
0 7 6
0 7 7
0 7 8
0 7 9
0 7 0
0 8 1
0 8 2
0 8 3
0 8 4
0 8 5
0 8 6
0 8 7
0 8 8
0 8 9
0 8 0
0 9 1
0 9 2
0 9 3
0 9 4
0 9 5
0 9 6
0 9 7
0 9 8
0 9 9
0 9 0
0 0 1
0 0 2
0 0 3
0 0 4
0 0 5
0 0 6
0 0 7
0 0 8
0 0 9
0 0 0
